0,1,2,3,4,5,6,7,8,9,10,11,12,13,14,15,16,17,18,19,20,21,22,23,24,25,26,27,28,29,30,31,32,33,34,35,36,37,38,39,40,41,42,43,44,45,46,47,48,49,50,51,52,53,54,55,56,57,58,59,60,61,62,63,64,65,66,67,68,69,70,71,72,73,74,75,76,77,78,79,80,81,82,83,84,85,86,87,88,89,90,91,92,93,94,95,96,97,98,99
0.0,1.679301992969987,2.2149393043800227,1.456583001680308,0.488080755827211,0.554751651765708,1.2486799985206136,1.0945620848082234,2.580714934768888,1.6351593244177711,1.5713458173254602,2.3380834290037322,1.3194084749020485,2.7419676883450546,2.403986621588888,0.7944147716624645,1.2952476255739378,0.04837429958025375,1.4305659645627204,0.7854670440987789,0.5263195044672772,1.6932311766098578,0.883445800187668,1.5187803123453127,1.1297106310193952,2.464686306103871,1.7815143696097375,0.20645461384196695,0.4058741420787385,0.8365291919772756,1.146190882806293,1.0473539101785756,1.9353297338231805,0.7713242252684991,1.9681325366379518,0.7103234081903492,1.548670210029504,2.3237774399098567,2.0802071666544077,1.6923778437624915,1.4684269334437656,2.00806578064967,1.2345756772144656,0.6405868655086612,0.7629967253432794,1.217467216704513,0.4354759093247168,1.6165519621099056,2.0874436021254676,0.7675992425993945,2.0280786187043205,1.4420648902161501,0.7156438523374136,0.8340612015618627,1.7359747571114852,1.837309868770012,0.24175039649266952,2.8799068057554695,1.3048557461235573,0.8562719641722247,1.4965423683494536,2.6951626951543086,2.549397268944545,0.5657690391522224,1.0478533838081527,1.4073948965817114,1.9605332445773183,2.2971841926253185,1.4460838247837107,0.5511287312585382,1.9726225575788554,1.3640284360850898,1.6948441744497653,1.8387433562012472,0.7971006125809145,1.3576388204218854,1.3741218584645865,1.0887848345730904,1.3758398022668492,1.8597368735444681,1.3558862759148216,1.9459746438811198,0.775691463888237,0.24780648059199728,0.836810667980505,0.6596885642207051,2.3970953877804235,1.772656704277051,1.4681653628640143,2.5462402596928837,1.1686699384797172,2.062135827187055,0.9521308118031943,1.6700315940393484,0.8808802167488953,2.7744902016945208,0.5220268651624258,0.7968560754926254,2.485598092068375,0.39913436742165753
1.679301992969987,0.0,0.7960392113887176,2.364889964175888,1.7859338180907405,1.389183242186604,2.760944350822846,0.7756567913194998,1.9193728268090058,1.8191760298013373,1.0508144832593396,1.184709355375776,1.8837592875372788,1.1786684562377865,1.7648757216598405,1.3140741883883835,0.633864103768815,1.7201129556716075,0.3386333840198881,1.8337948334358858,2.200628314547186,3.3682002787946264,1.6901545197790175,1.5071115228649663,1.0618127622988454,0.9490086052168801,0.9171341074198924,1.8561984786705006,1.3223040228953362,2.380289279266506,0.9266848221753142,1.518616587881841,0.6353725042393361,2.201028866186172,1.5157458280967633,2.0213486218942136,1.5640113829998041,2.6765904666082085,0.4135557398765545,2.2200222319031013,1.4294079054538098,3.68645407273856,2.2944823513447328,1.4795439725900013,2.4097291217157575,1.2928980129551801,1.26072310332337,0.877173646033232,0.4182634528540513,1.7772295227818502,0.5660284423328495,1.1572907804223176,2.3905344143735654,1.7925059215429764,1.6289213902880468,0.5341750112528851,1.4430244065121227,3.654031290287348,1.816741266793843,0.8649552626992952,0.3619571019929262,1.1236657501763327,1.612667755659489,1.4865872928799155,0.8790227889155815,2.8603146168844638,2.4642018739552527,2.1086649155935357,3.047860289496891,1.1587939092618953,0.7301681922679679,2.1616946526829115,0.9699357097312076,1.642167394371085,2.221271023258415,2.1494515189854573,2.9744728729432617,1.7004848306783922,1.3503983910906923,0.6698902939884123,2.0141664886409814,2.3650315348456274,1.034692739616648,1.900779344226085,2.510516801863589,1.4183678516217328,2.369008025032651,0.17341687628080785,2.1625117135657397,0.9487755025840007,0.5601853267621406,2.0871941486608927,1.963214678704504,1.4775409154787793,0.7990032803022025,1.250154416668121,1.1657620691394446,1.220788925729819,1.6310722314110235,1.9871896784117409
2.2149393043800227,0.7960392113887176,0.0,2.4323804009486776,2.1584535375536635,1.7718129672116272,3.4061641487250407,1.12591003872599,1.308641269936877,2.615014340117193,1.841812882704569,0.4612682985636037,2.6628661808308287,0.5532785663232334,1.195903845597783,2.044274136608313,0.9218324011613791,2.261624234938727,0.8332586041372751,2.5454167351837023,2.7365683380828405,3.8879971480831665,2.4277972787356403,1.3927480202432634,1.2282373038652772,1.3354624115848903,1.6765542368651094,2.414738963088017,1.8131463952199707,3.004327112853551,1.138477301806056,1.653093983207058,0.28193196201442183,2.5374477528162203,1.134343850633469,2.338348116474389,1.4375701580391116,2.429083072609685,0.782066038372996,2.139540931006258,1.3400944569025959,4.1582071570557755,2.445077854403616,1.804857793031809,2.9773228813776114,1.3543358630318165,1.7806214459391323,0.7403875723091953,0.7707727045002022,2.0392825830110493,0.23135648969941125,1.0961842455636277,2.878798691541912,2.0279689306370914,2.421850422371943,1.2471261315600655,2.006636621358402,3.5026956992567135,1.843017246731319,1.3636072208523016,0.7453413884615668,0.5187396416464646,0.9187504640360596,1.8430577169739752,1.191796514706584,3.1341365055252948,2.3228805151289107,1.6991647429179388,3.6523144850266447,1.7806896253668318,0.2757261927434646,2.221146577573903,0.7454992507107553,1.3625115543419661,2.879047915745252,2.20912137770752,3.3446639703540257,1.817825794479762,1.3153932320564246,0.3758742721027693,2.047261997302636,2.2019360557585976,1.7314000349360703,2.393575581063982,2.9911779761310346,1.7457487311434294,1.9891458420897148,0.8882873120169429,2.174028948516655,0.4366545446462613,1.0708529572641174,1.7908690199515789,2.1682321716817405,1.2725277430095985,1.4114835654720432,0.5633421605391415,1.701231211765293,1.9477294352649515,0.9756316500734898,2.432286983051597
1.456583001680308,2.364889964175888,2.4323804009486776,0.0,0.9695441135992985,1.1579826486289584,2.3647044045698498,1.5960190834442993,1.9775371260469947,3.0625337220744124,2.799625227238619,2.26570163158603,2.7727342573495948,2.967337949184077,1.854707559121516,2.168425560854594,1.73557838973275,1.4778774403976236,2.0263204841122056,2.2392198121049507,1.5608189875408083,2.197830741905713,2.3360742440225226,1.0602794595087532,1.3074655026350546,3.3115514837518525,2.9163035751084454,1.555623875155232,1.391181811492348,2.0328976348714574,1.4401880618479332,0.846297639683344,2.190791424803439,0.8332623593860451,1.5029744097900912,0.771134278325495,1.0279438067627067,0.9978930146483246,2.7532173692392456,0.47963935465805557,1.0991117368129901,2.2621191858242264,0.2529097795779478,1.0167265704358417,1.7854654038956428,1.1029279762824935,1.474768478907145,1.6981381428476954,2.753480074641076,0.7307747934526951,2.3651337663861316,1.3376612760010933,1.4441361907300798,0.6768828976897746,3.1150026749722826,2.7756533739553464,1.552048389086462,1.4379797222523971,0.5893721944078344,1.6228178866495115,2.020582246265658,2.942498393788481,2.1985605670212034,1.0605160433478225,1.491826179390992,0.9338348788622626,0.6292168341070729,1.4060460211304517,2.348342071695029,1.7505708967593099,2.1608273847302493,0.2116673583871418,1.6876880008784292,1.2392226808805653,2.1224733280586143,0.22386544349595175,1.333184813940619,0.6644068040587592,1.1171651477412037,2.0798871412398703,0.3860388269596478,0.6891099676652257,1.9898284732146616,1.325642014937182,1.4696107273519843,1.0601488726556907,1.3305329677331066,2.5262274694976634,0.28373359376148066,2.8653828495116827,1.838859564860213,1.10025618290524,0.5163354512150679,1.219929089014501,1.817332112864438,2.9389858537292013,1.5391063700710224,2.132056056065317,2.0881613442837312,1.1718414090166462
0.488080755827211,1.7859338180907405,2.1584535375536635,0.9695441135992985,0.0,0.4005466051134903,1.5786438167584385,1.0595287925754204,2.27292179719862,2.1029961826335133,1.9329454897437106,2.1840363461278374,1.803467365747442,2.7083981746663186,2.1043655898780536,1.2244671644333762,1.25962332689322,0.51280010165834,1.4797122924133748,1.2731402582575972,0.7450832437873881,1.7720970501308164,1.3668120638247072,1.1776204400914647,0.9481977192383044,2.6686213582882794,2.10073943452567,0.613291749980277,0.5151299091334192,1.1888789414390075,1.0208136377186412,0.6831490072669105,1.8782117447431648,0.4171150575310794,1.6685160510450279,0.26463096001172753,1.1942020241399505,1.8499816767296198,2.199489478241745,1.2197731352484642,1.146346256786498,2.0065915608548472,0.7547655928273433,0.35690805564946254,1.0104923482652428,0.9352943441881868,0.5997738127795285,1.467900411704435,2.2040477892307413,0.2998558582118837,2.007992463591508,1.2038861303613357,0.7764183563301176,0.3662128756797495,2.1775202432268443,2.0652691488602475,0.6011047035348908,2.3987104441852893,0.8660424963403706,0.9235915854698784,1.518880462134784,2.668187505365579,2.3143689431928127,0.3161246053969548,0.9757384820618119,1.0877259957366041,1.4818035088180848,1.9055404060289747,1.6842025004384293,0.854125190619615,1.8921166453645613,0.8784886848002319,1.5209599701879228,1.492503050939917,1.2189109955091793,0.8726111047508585,1.1994767580455026,0.6637234197978256,1.074096166639504,1.7841095547055785,0.8848191670849445,1.475822193001436,1.1044264676049842,0.40937748560519904,0.8710920371090226,0.41362413570378787,1.9706035565854652,1.9143113630220234,0.9873003268424597,2.5411240277788223,1.2279211675943258,1.6456201587898167,0.4648607346621838,1.3491951111388765,1.0509481321544492,2.719897638503759,0.6892937927880414,1.2022605190034166,2.233784611713052,0.3267520806449115
0.554751651765708,1.389183242186604,1.7718129672116272,1.1579826486289584,0.4005466051134903,0.0,1.796805780451359,0.6608697170781093,2.0263743004645214,1.9474014074837742,1.643620001017002,1.8319529913098882,1.7102908501510539,2.318525066757131,1.8500790725117808,1.0429404774583673,0.8629237978538661,0.6011618241062703,1.0794548271684257,1.2554439720095116,1.0128652333948478,2.1265292399739715,1.2872283875010688,0.9687632284193312,0.5963409935503714,2.2865152131928377,1.7766874518097173,0.754464551803084,0.25414952391528134,1.3864184901707988,0.6434113648798956,0.5209194917162195,1.4902777701003818,0.8122278488651571,1.4137100475420583,0.6339916630833957,1.0018953549531378,1.8780108483068436,1.8025521838391445,1.2593775612773757,0.9153559755340256,2.3863989027871946,1.0022503158363778,0.14346078357006864,1.274681380158128,0.662715698258913,0.3276373691844636,1.1077456169837665,1.8067753852382273,0.4410459470911353,1.6133868277011376,0.8945938534517585,1.1160253583918391,0.484276205790171,1.9703413900827285,1.6961151828205163,0.4872032026781628,2.5876932786090605,0.8282412896484205,0.5335856395958285,1.1185331187989884,2.2768984290396723,2.0092682291670845,0.10508670511404669,0.5815796198554198,1.4733167342364009,1.5383645644764472,1.7577518893906305,1.9648830209310506,0.6006692899499891,1.510424964518771,1.0037886224111172,1.173874183813656,1.2875666053607449,1.3497558676389494,0.9940641144502722,1.5995976761913733,0.6126785400793318,0.8213310423410478,1.4003081639488777,0.9361161200590074,1.4985622811364414,0.8330535020704694,0.6512187796398241,1.2241877202573097,0.1218737989145879,1.8792288080584114,1.5223353475783206,1.0744473804228958,2.1458401241128624,0.8296783366794156,1.539902310640697,0.6580028767747579,1.1159882235709049,0.688660698549963,2.3348352233017766,0.38171996668284663,0.9925812955606751,1.9403707858876997,0.6624004917879012
1.2486799985206136,2.760944350822846,3.4061641487250407,2.3647044045698498,1.5786438167584385,1.796805780451359,0.0,2.3155524930310407,3.81971474427727,1.7646968533179452,2.217996090905518,3.572936338966108,1.3596801861103727,3.9049094380498692,3.6449080043393907,1.4907253216738887,2.506624023586541,1.2006218063161187,2.583275197860546,0.987861704318669,0.8373988415640649,0.9493416084240226,1.188946165969631,2.7386760610454797,2.3783291274375995,3.3493737761897697,2.5025283912189686,1.0438290282019853,1.64487165418467,0.41243707042769623,2.389570449086712,2.248666097278269,3.1342670317217713,1.5330895364209614,3.2074450990363452,1.6406409973097984,2.7615762134166695,3.348322848564648,3.1176366703113065,2.7410448195141344,2.696501776873526,1.363415623957944,2.1118082040505457,1.8589839773207468,0.5838818355762534,2.455568594233898,1.652349268500481,2.857402768439705,3.1276689662441104,1.8713653669409027,3.200801311236383,2.689603500375746,0.9225257386706757,1.934311568003444,2.0244477479757226,2.7382344859098504,1.4143789547919055,3.605747220226647,2.4389424896505143,2.050476548085286,2.6641890049093666,3.8539812606753663,3.7979418335018247,1.7875257082255567,2.282582553845958,1.775691067787596,2.972233162513047,3.4841739939536382,0.3762422495315343,1.6277155149419948,3.1829500020669372,2.3629584069637968,2.939673497452535,3.0581566138269407,0.540637031437415,2.361424785981929,1.4244624912375639,2.2420860876423667,2.610277034270909,3.0703826320018774,2.42307175815053,2.9953701275754243,1.727448490415589,1.1777344696569287,0.9199412513492807,1.8904652526169399,3.540363520642903,2.806351973206257,2.491319116688659,3.690973478840208,2.335580228255105,3.2212757318879364,1.974454971280948,2.9003013295235016,2.0002718744473924,3.952417556170627,1.7182114590245408,1.570817633123599,3.734074493896514,1.263833552104133
1.0945620848082234,0.7756567913194998,1.12591003872599,1.5960190834442993,1.0595287925754204,0.6608697170781093,2.3155524930310407,0.0,1.672222687086998,1.9393693307908368,1.3805453400045193,1.2592329693860753,1.8340821482434042,1.6651246539512428,1.4930262004820485,1.1289797053142019,0.20485642654484493,1.1420464137454565,0.44180639594823323,1.5506945197910333,1.6122760098767381,2.762379633479593,1.489677184952316,0.8706056582482677,0.3276856611352836,1.716815383343567,1.4080239760912379,1.2977386679004446,0.6897241316521665,1.9063416380498057,0.20270619089815975,0.752825437297147,0.8444555091556603,1.4625481897076866,1.1048790124792658,1.272655408556901,0.9263208061666125,2.0242429894898533,1.1792960787755713,1.49959008757528,0.7896202651858166,3.039592485096124,1.518836280538349,0.7242719586122793,1.8574168817577237,0.5774551249287062,0.6658283589452588,0.5632862912450987,1.1815736467111981,1.0089359779917455,0.955217909737962,0.5751589457319081,1.7541049408965619,1.0199223180405284,1.8604256091563764,1.1917889842797018,0.901411325223831,2.9297035288328326,1.0712713166274976,0.28195606206049345,0.4636347290573186,1.6216891493578265,1.5330770410886014,0.7456272610354775,0.10422610555487913,2.1051294729469006,1.76219799289031,1.6211446999742622,2.5391407940286803,0.737793816837193,0.8781527877947224,1.3969733939535376,0.6617972732371205,1.1102387655110446,1.807252973033826,1.3848890359011707,2.258851718318283,0.9330795418709679,0.6877246474620053,0.7653367068576019,1.259290806761552,1.6784527468928139,0.803492759863876,1.2676920241884084,1.8676972114658654,0.6623705820454114,1.8309924232749193,0.9317502784257277,1.4099546003366596,1.4863447935889913,0.252181256392903,1.507333762966079,1.1886940012438667,0.9182050597280037,0.4475486918005102,1.6885681434043516,0.5978141416308252,1.039352092522811,1.4931829579799518,1.312215793314952
2.580714934768888,1.9193728268090058,1.308641269936877,1.9775371260469947,2.27292179719862,2.0263743004645214,3.81971474427727,1.672222687086998,0.0,3.5841845286179774,2.9158821881211785,0.8568690883707616,3.5057192221187434,1.580814005339962,0.18027348802867124,2.8009909984682753,1.5665130056249998,2.627445070556789,1.7353845178225218,3.195921865784925,3.0081185106287807,3.999881796655227,3.1556490419660066,1.096646760384928,1.4784089057850414,2.640999590427082,2.8308806154860178,2.780453126215952,2.213173320700917,3.4113458342679177,1.515387576345654,1.5901247868995958,1.3072640664645363,2.501108027487424,0.612682532813225,2.315920584469073,1.0866492515525144,1.4625891454975837,2.0619032381513938,1.5200583349517398,1.1277217357838218,4.1559610291558,2.123797313847854,1.9619109492820996,3.2750105655770856,1.3645478587090567,2.2340680462714726,1.1420895089968843,2.052424299308427,2.0149071870383923,1.4529668837188194,1.152784166447653,3.042598537218392,1.9653656888608229,3.4625294558231063,2.4471241024229937,2.4662233760524166,2.5498672361633745,1.5158781617741455,1.9457842122181226,1.645701811263084,1.5933058299629013,0.4359015816869014,2.0324815384811536,1.6497987523338347,2.8879002164496126,1.5500295735430392,0.6473731101467748,3.956359394395704,2.389522620733682,1.2117818317017688,1.8105602478873142,1.0335222318333699,0.7933950283669168,3.3712103126149575,1.8025297625517607,3.235704121319939,1.6495683875181784,1.2096470629501732,1.2513487632457099,1.6499959335967251,1.4240052971638544,2.475442382334584,2.6494560858343346,3.1251406430314495,1.929265292551076,0.901627568063713,2.069224858183781,1.6983312876212293,1.6413648458122658,1.8198226329037297,0.917329856545032,2.0116584469951064,0.9240370547125437,2.116912615482406,1.4867794186158234,2.202609020526177,2.7115509973915892,0.3415093250079274,2.5996180149632093
1.6351593244177711,1.8191760298013373,2.615014340117193,3.0625337220744124,2.1029961826335133,1.9474014074837742,1.7646968533179452,1.9393693307908368,3.5841845286179774,0.0,0.8059489265798654,2.9751219960417075,0.41026775063247406,2.9440262996504836,3.409173928323675,0.9044612681728663,2.0184952360265624,1.6278954197184852,1.8746966889086334,0.951896643979105,1.8380641800812334,2.686585035900849,0.774595912608022,2.7660072774036335,2.21605922163757,1.9319785383148613,1.0652323197306752,1.6144470854472666,1.694906500668358,1.6076528378917538,2.1275721013225923,2.4373267752078815,2.4251488084384625,2.3984213918405017,3.042169743061076,2.3437233644736013,2.8160507528760417,3.817477344028742,1.9900393654939486,3.205947188184293,2.690006124966211,3.0959270407705524,2.8576770172801345,2.0887102056034896,1.842738530268042,2.435921632228313,1.6202967963973223,2.4421166019200906,2.0033067871190084,2.336260008796764,2.384318809696551,2.5115561594865734,2.0958484521199963,2.3958592719732343,0.29995040349423574,1.4750836405927505,1.5104919161182955,4.499004184659741,2.76820245991286,1.6991158007198948,1.9710844028460897,2.8870530744413605,3.363461776151311,2.028260999815187,1.9909591992448,2.9858543928585854,3.485276956826785,3.550941308872345,2.1406595412066527,1.3554195985720012,2.5119097023170496,2.936679717609748,2.550662855554968,3.0397998887368165,1.3740360635740123,2.9280782347468888,2.826406630147406,2.5572356666295537,2.582484300424958,2.424312030526412,2.883025830890522,3.440391248418521,1.1671795191461594,1.8366077226538158,2.192248323549805,2.0653338611107546,3.7371937458509463,1.751676393304882,3.018363821559326,2.705653474162067,1.7648073689765045,3.400883047235959,2.5464301175225037,2.8466622076716432,1.4959940309847806,3.034077079846102,1.584010335308992,0.9613825555803378,3.3543210873695024,2.0088781318035167
1.5713458173254602,1.0508144832593396,1.841812882704569,2.799625227238619,1.9329454897437106,1.643620001017002,2.217996090905518,1.3805453400045193,2.9158821881211785,0.8059489265798654,0.0,2.232321155504734,0.9996824206088619,2.1414707012187444,2.7489698773967635,0.8124242347828516,1.393938965050954,1.5881891783997202,1.18097124061008,1.236001426197489,1.9705208493954307,3.034142605618327,1.0296271835051065,2.2509623106341934,1.6998227049066728,1.1777531699898598,0.29275013018329904,1.6522721526455808,1.4296533185951508,1.930642875727365,1.583090199873021,2.038036493124494,1.6799203327677898,2.3143924291539517,2.4279484744595656,2.197151117172396,2.3063759891515487,3.3902808355095706,1.1847960164790974,2.8256212549455406,2.170094949908791,3.416511696431185,2.642177106772387,1.783273717968793,2.080963930137938,1.9452367278355398,1.3431473471944033,1.790639226486034,1.198114134934802,2.0820764544282455,1.6145319560381248,1.9439328880992217,2.220420296666151,2.12787278953874,0.5806331851390942,0.6694735480425189,1.3586886453298996,4.2175910157096554,2.37995813521875,1.2175395585960045,1.270291625783516,2.084485117577907,2.6474693772076776,1.7445910845234407,1.460561888175355,2.9735032772846086,3.1004155865715743,2.9853382651681217,2.57107983732848,1.0788245089974022,1.7720455501360304,2.633563715279895,1.8980334926207025,2.4796774104572097,1.7115330112751794,2.622910668817231,2.931257190112051,2.1940159996179696,2.0673386207111872,1.6970527677728113,2.53662927636917,3.0306393544554755,0.8285636696394566,1.8164882062610332,2.336670755385202,1.7398466890303617,3.208263556079466,0.9604332702775497,2.6848814731556656,1.9031900998340041,1.1526268202501346,2.887602354626593,2.300420905077879,2.2908271208984927,1.004127871772334,2.2341623555083165,1.2668077491908987,0.7811990948418407,2.6537087340945886,1.9686533388988616
2.3380834290037322,1.184709355375776,0.4612682985636037,2.26570163158603,2.1840363461278374,1.8319529913098882,3.572936338966108,1.2592329693860753,0.8568690883707616,2.9751219960417075,2.232321155504734,0.0,2.977119887403955,0.7793182921502164,0.7626097899730796,2.3146973561503,1.078657902123915,2.3863340649045517,1.112609985092708,2.785727709333506,2.8390858950180164,3.952724504416712,2.6952222229635883,1.206611145804497,1.239483746253729,1.7959613832912749,2.095327138987511,2.5440677074351044,1.9333216802595408,3.1623768005448833,1.1948347083048456,1.58178415267661,0.5527514429333058,2.521568601148937,0.816660476932037,2.320551631014624,1.2378696285138522,2.096585840903394,1.2386571066428378,1.90606686644009,1.1773816089301652,4.185624996427389,2.3247774615473706,1.8287752269957485,3.094685672095234,1.2808186393570646,1.920651629433522,0.724784582611827,1.2278676029716016,2.0075662894098434,0.64413290570486,1.0003301179791921,2.945044849320653,1.9815692442724517,2.8060598161079464,1.6786649024692046,2.1587338056371133,3.1914729072164727,1.6903498897896563,1.5334826377503452,1.0152430672881676,0.777389301081363,0.45757400011100224,1.8817760321808878,1.2915295510189753,3.0592383453053302,2.047811289515727,1.3165641628412388,3.78283939785133,1.9836445763222337,0.46331520446367874,2.0609742854623385,0.6630799343578634,1.0784781009677709,3.066294366761521,2.0497675688512915,3.322411114315254,1.7200369905165367,1.1902310303671286,0.5549983216903617,1.8830124080285393,1.9208105304748664,1.987722918493691,2.4808677148848584,3.0490459943111814,1.7763287501130751,1.6089103461698995,1.3064753252606625,1.989625950589725,0.7943605908247459,1.294584170753792,1.46104188214859,2.0946449812680465,1.0480243841306613,1.6379349694841185,0.7132753331423836,1.8568254675434794,2.218513180093725,0.5184513774434508,2.4877274417378823
1.3194084749020485,1.8837592875372788,2.6628661808308287,2.7727342573495948,1.803467365747442,1.7102908501510539,1.3596801861103727,1.8340821482434042,3.5057192221187434,0.41026775063247406,0.9996824206088619,2.977119887403955,0.0,3.0520415897504733,3.3268685417204895,0.7106575431064082,1.9504654028896355,1.3038916704446644,1.8648869698325377,0.5721740351035483,1.4555138623247355,2.276635859635393,0.43666524427693243,2.6015857047885813,2.0715797793648436,2.1764476414309724,1.2896909339631082,1.265182833833962,1.4570310029169147,1.1994421518896854,2.0035789244026563,2.2227609423602694,2.4419461153763145,2.0603187473711517,2.932793716849541,2.027680347888612,2.647257881658603,3.5869550689305396,2.1273921192233907,2.9628571123134395,2.5304962589578945,2.6857079261743135,2.5539700784930037,1.8450881954474656,1.441147441672762,2.26833526478724,1.393817203061734,2.375527193389153,2.139974024281802,2.060991963488091,2.432368732697981,2.3860079704328143,1.7098973573371012,2.1242335583460603,0.6676165056196881,1.6428738893219053,1.2387834551775285,4.199311175548338,2.538376364227501,1.5670209269109747,1.9621027408953795,2.995742276646038,3.3308135069034686,1.778027829300879,1.8659680073793254,2.618299610256179,3.2395506741397133,3.400255987588448,1.7348655137293933,1.1572146520675723,2.52057239777258,2.665382091436953,2.4814915731190554,2.8952466073460186,0.9666957256715157,2.657809788267768,2.435835559496698,2.3217607512363956,2.4235316628060994,2.422371141177937,2.6313628753429312,3.206952922618143,1.0306063472125118,1.4957307633654677,1.8010809461742185,1.831809137493051,3.561662620695002,1.852825333913627,2.758166890996309,2.816025030729432,1.7040081800538147,3.2216556136498613,2.2615050295883874,2.704069099793074,1.3889651222073895,3.1309038064652106,1.3794008179829114,0.7956682477845136,3.3072053122600025,1.6680166465735826
2.7419676883450546,1.1786684562377865,0.5532785663232334,2.967337949184077,2.7083981746663186,2.318525066757131,3.9049094380498692,1.6651246539512428,1.580814005339962,2.9440262996504836,2.1414707012187444,0.7793182921502164,3.0520415897504733,0.0,1.5207313344090414,2.489540751392483,1.4602840973363742,2.7876786493028134,1.3233979328763223,3.0055782789257535,3.2668658075857526,4.425408967964802,2.8679385457868323,1.9146952420882783,1.7814962098316671,1.3178135905191084,1.9204353595579424,2.9377662074552484,2.3452589718319987,3.510237382767694,1.6900149572182481,2.2033461379129484,0.8304790772196765,3.0901892339541455,1.5858277384608463,2.891325853658199,1.9551175945227177,2.8747039789972453,0.9604526628127577,2.6482350940585615,1.869015583668597,4.703734407955475,2.9908929985153794,2.3560824938275124,3.5010310061348604,1.9027642023854328,2.306494041274901,1.2886509735698217,0.9469761918896238,2.5925466683091725,0.7139505025370974,1.6382368449005533,3.418819200356903,2.5808884665748755,2.714484181986193,1.4829983353258487,2.524850477125511,3.967136682652932,2.379176044240529,1.8858527829432634,1.2481625752809349,0.056987220359755224,1.1455478053281418,2.392527405026605,1.7370738162240111,3.6865101891713827,2.8101877827402735,2.0939050633756553,4.167304023390856,2.2782687920909503,0.8276457205954334,2.757142694735471,1.282106326766399,1.8384903582978465,3.37041069068767,2.7452928779987613,3.8971751265093544,2.3653017728408803,1.8540332073097296,0.9289643284133012,2.5813249652745442,2.685081909007337,2.195860652590055,2.9304480082917728,3.5327978479928133,2.2965377368734607,2.3858308249354545,1.2008387381723464,2.7024351775986872,0.23837401751444692,1.5787978374248823,2.237573355247665,2.719639405338747,1.777786887624807,1.9052725222076616,0.12038028334050407,2.2224389785252696,2.3950090659890195,1.2438038708341685,2.976484871943053
2.403986621588888,1.7648757216598405,1.195903845597783,1.854707559121516,2.1043655898780536,1.8500790725117808,3.6449080043393907,1.4930262004820485,0.18027348802867124,3.409173928323675,2.7489698773967635,0.7626097899730796,3.3268685417204895,1.5207313344090414,0.0,2.6215539266332093,1.3907836808175746,2.4508910355915394,1.5680036963511734,3.0156920586186824,2.8365061199273445,3.8408904415449805,2.975560263200002,0.9319396132005425,1.2985679753258224,2.5175423340486667,2.671673144614707,2.604456727244597,2.0343006445982983,3.2358685878514506,1.3351664216652668,1.4228060697935099,1.1657598886830827,2.3440167435879755,0.43784988669374975,2.156049968116144,0.9263425548387366,1.4241607256090618,1.9290372205018271,1.4106225440761992,0.9580257553773958,4.005798475509613,1.9876560785900566,1.788567010701514,3.1032755080869725,1.1893431534596806,2.0544502136815064,0.9679925619720101,1.9201649909237812,1.8517291738336783,1.3213574209960404,0.9731079533166003,2.876463245571556,1.8040898031682149,3.291539330023023,2.2958503684184057,2.2870662676693208,2.5225333845554987,1.368141780138021,1.765936118561381,1.4800424464094026,1.5271214882074011,0.41096653864728416,1.8584784403943126,1.4697039357965003,2.752494537022513,1.4689690321719973,0.6045199138375458,3.786341317593616,2.209276972192541,1.071976732521936,1.6790531516799505,0.8592418400546492,0.6404643178380232,3.1932758525679414,1.670379488323472,3.0899691603171386,1.4907177199881547,1.0362780859842855,1.1015785962851006,1.5133453425736847,1.3405483639247888,2.296421976722073,2.476849655239563,2.9611287793148797,1.7545983681311124,0.8857190139322185,1.9189232577049788,1.57253890118514,1.5568123582294708,1.644390785222553,0.8348643231260225,1.8581808654745116,0.7556253715947008,1.9383052073157114,1.4358578280328025,2.0224967158313065,2.5323737792203715,0.29330045901061913,2.4307780369408647
0.7944147716624645,1.3140741883883835,2.044274136608313,2.168425560854594,1.2244671644333762,1.0429404774583673,1.4907253216738887,1.1289797053142019,2.8009909984682753,0.9044612681728663,0.8124242347828516,2.3146973561503,0.7106575431064082,2.489540751392483,2.6215539266332093,0.0,1.2591848913244994,0.802038669193072,1.2170640923981224,0.5228903667174064,1.1582122964928454,2.240549848808616,0.38369944447376775,1.8949162917063094,1.3610950229003653,1.8670772872455883,1.0637598038865201,0.8463273644296017,0.7906723125864028,1.1542579177093515,1.293802510114185,1.537678515449036,1.7999138631989375,1.5630080441137415,2.223204846412419,1.4780357483586846,1.9418079733033569,2.915433627963677,1.6396837164519615,2.3017120865314555,1.8226108861664745,2.6138296511885617,1.973872153044194,1.184357030847095,1.2761586128887887,1.5617560244197954,0.7159627076432892,1.6798431846065276,1.6504627773817138,1.4387158225194459,1.819920796811404,1.675566061492011,1.4093893396589683,1.4965138311697004,0.9530575002619094,1.2488163239815233,0.6234122411837679,3.6064023954483186,1.8653100985352589,0.8576595883038244,1.3113864092004235,2.4353641469088125,2.644326978088605,1.1246957235288744,1.1564396893974629,2.199557965006871,2.5809627957969683,2.6917849326696635,1.8171114217533906,0.4563696378338849,1.8700780493348899,2.035462048671393,1.7838831786363605,2.1854905387698462,0.955442772505712,2.026592427006175,2.126413963041407,1.653286556279803,1.7153503795771181,1.76539736262588,1.9786621648228357,2.537495006768461,0.32994601205300567,1.029299804103838,1.5248582620758597,1.1610775774469064,2.8596648263482476,1.3333535715587197,2.1146948712708027,2.2623653909166612,1.022389438175292,2.520522959900698,1.652312718220494,1.993966410747624,0.6899657020974199,2.553701761139363,0.6842887158060108,0.09676009495152153,2.614014656950193,1.1920623220220308
1.2952476255739378,0.633864103768815,0.9218324011613791,1.73557838973275,1.25962332689322,0.8629237978538661,2.506624023586541,0.20485642654484493,1.5665130056249998,2.0184952360265624,1.393938965050954,1.078657902123915,1.9504654028896355,1.4602840973363742,1.3907836808175746,1.2591848913244994,0.0,1.3423844746625861,0.29782379565382755,1.7105360326902053,1.8151237013696462,2.9669796652727514,1.63225538559405,0.9013499451015689,0.4289160035623725,1.5828012863996912,1.378322082514858,1.4970459647581484,0.8918293857670014,2.0993021047932077,0.2954798602295406,0.8900927539307264,0.6408360884813711,1.6581286984605614,1.0373051099161974,1.465454250911098,0.9587559703695445,2.074011150241005,1.0184261985011482,1.5903431831692005,0.8207560106086905,3.2441649762967777,1.6792073278583763,0.9179212569431945,2.0582230671576376,0.6603381853850072,0.8632054955884326,0.42624237998755743,1.0191656985607216,1.190837856865611,0.7510336904930592,0.5643328069256214,1.9589270582405023,1.1957948939668546,1.9108799420162672,1.105433361188984,1.0951182236699284,3.0251850223714505,1.1828788616076453,0.45716366728472024,0.2861473622214733,1.4169690813898805,1.3851464721056823,0.9442947241549441,0.28502360028514057,2.2923804108576773,1.8405986098863767,1.5929364366316958,2.7376331315673257,0.9050225130477912,0.6786366207403461,1.5304465136125232,0.5338257940621602,1.0919962514001667,1.991665738097678,1.5181573197204525,2.45794205801181,1.0720039544935416,0.7316131055001477,0.5656671665000357,1.380683947674912,1.7466445314898207,0.9292465850446647,1.4721228946421236,2.072551955236421,0.856348775679874,1.8255168017547414,0.8017303156517644,1.528744294699344,1.2829741201758775,0.2537459060007299,1.5172846960635744,1.3589076671060736,0.9081465941636646,0.5701081557092619,1.4841142365747304,0.7893716302455879,1.1653543138187261,1.3569739175895394,1.516753916042739
0.04837429958025375,1.7201129556716075,2.261624234938727,1.4778774403976236,0.51280010165834,0.6011618241062703,1.2006218063161187,1.1420464137454565,2.627445070556789,1.6278954197184852,1.5881891783997202,2.3863340649045517,1.3038916704446644,2.7876786493028134,2.4508910355915394,0.802038669193072,1.3423844746625861,0.0,1.4747514454656236,0.7614576864177831,0.4824777763980811,1.650316270122035,0.8693947680938922,1.5634081386169307,1.1778634682325102,2.497339200461049,1.8036447181977744,0.15808041953622926,0.45382787526349966,0.78856947897068,1.1945548896787617,1.08958297695694,1.9822309194184826,0.7723514928137787,2.0148107575685255,0.7237956251181762,1.5926852798356417,2.3556001863715035,2.119521382644626,1.7242202696472577,1.513805633596101,1.968870981893734,1.2520147598652356,0.6836244283817726,0.7158822131404593,1.26379639522537,0.4814483469403376,1.6648941664501207,2.126909115322555,0.7986068198945981,2.0738669495516415,1.4897599177215775,0.6795934077089957,0.8653937600206191,1.736769512151976,1.8690149728131993,0.27846890607033015,2.896440717308611,1.341796585734721,0.901832304845836,1.5416217074876628,2.7406835335202806,2.5975612024889707,0.6089864083305231,1.0959519141033456,1.397519376248508,1.9907238656395085,2.339672176002887,1.3981111198686351,0.5841733202977034,2.0200083751242524,1.3909731493963953,1.7432167179877822,1.8835216544539841,0.7530074686973102,1.3848944988163432,1.3499635696442027,1.126608077212939,1.4218272649006474,1.9071012431279917,1.3877932251131617,1.978567209831269,0.8020786393241324,0.2286314586324378,0.8009460817518581,0.7044875185768864,2.4366095622307427,1.8111390409446773,1.4973715614883905,2.591087913144727,1.2131915868761756,2.102414898259283,0.977660790623265,1.7157236048323588,0.921223396201178,2.820820599759842,0.5664612879837814,0.8101769842323595,2.533545171410446,0.3907576370275485
1.4305659645627204,0.3386333840198881,0.8332586041372751,2.0263204841122056,1.4797122924133748,1.0794548271684257,2.583275197860546,0.44180639594823323,1.7353845178225218,1.8746966889086334,1.18097124061008,1.112609985092708,1.8648869698325377,1.3233979328763223,1.5680036963511734,1.2170640923981224,0.29782379565382755,1.4747514454656236,0.0,1.712624901601292,1.9568679380210126,3.122940755467807,1.6006277801282858,1.1895958029757283,0.7237899341995294,1.287110270747945,1.1234423756465703,1.620949460442684,1.0475285257345135,2.186938219511571,0.5883428923555597,1.1800296610572052,0.5830294107345055,1.8904400549683649,1.2627401622596428,1.7051879528626743,1.2469494823346332,2.362822552700852,0.7374923768162462,1.8879699759041095,1.110051293680226,3.4230705904867906,1.9588145156636851,1.1586149166554416,2.1831563343091607,0.9581576616885563,0.9977774464861153,0.6166650892385401,0.7397927437373316,1.449595743052129,0.6184754940799231,0.8443307467018093,2.1274147842821267,1.4616593698312,1.7309409079949434,0.8160678552896287,1.2059104224982158,3.322768084823294,1.4796645137468192,0.5800883119043092,0.09743707635443717,1.273794659983701,1.4888681325962159,1.1722653772053133,0.5437328157065501,2.541530670990806,2.136801749596145,1.8416745819200666,2.8445056280180454,0.9556456557164559,0.6566618993960541,1.823074894518419,0.7216704024806446,1.3544677833792254,2.051522018177063,1.8108344300526593,2.6767565266730973,1.3619255798044538,1.0251256351984317,0.5576346763310419,1.6761697830882378,2.0411350391663787,0.8992519000473473,1.6353066500552216,2.2452239136601895,1.096855166904785,2.0881973513200442,0.5042006298982293,1.8248608823251637,1.1180655889624012,0.2627349327102008,1.7911286444200514,1.6303800375519315,1.1788792190449697,0.5830709431918042,1.369307268998747,0.9085403086284028,1.1203041308669932,1.4834446329731885,1.7047300516712782
0.7854670440987789,1.8337948334358858,2.5454167351837023,2.2392198121049507,1.2731402582575972,1.2554439720095116,0.987861704318669,1.5506945197910333,3.195921865784925,0.951896643979105,1.236001426197489,2.785727709333506,0.5721740351035483,3.0055782789257535,3.0156920586186824,0.5228903667174064,1.7105360326902053,0.7614576864177831,1.712624901601292,0.0,0.8871012286224539,1.8136429106430356,0.2113523741259836,2.20508016429286,1.7201188373269871,2.3625690416800356,1.5168753721516186,0.7011347859798748,1.016822530016391,0.7050496878539989,1.6833214354940569,1.776180086669989,2.2910339894135574,1.496937217929865,2.596285562169036,1.4794107730261454,2.2442222323483993,3.1013733637821135,2.162195653049043,2.4708556526728382,2.1420567218258633,2.2088117657066246,2.010857875011995,1.3761712645407167,0.9036165071785568,1.8783444120035828,0.97530458205611,2.1138697403776017,2.1730547883621174,1.5500081441728446,2.3252411342113364,2.0457075543179624,1.144145258537377,1.6157677830628463,1.1419028516800538,1.7566027256997445,0.7684280054170356,3.6523827552915016,2.0667048581685528,1.2687428489181338,1.803507550850626,2.951966030717342,3.0837714630635866,1.3036543923248218,1.5529612585457715,2.046188152707348,2.7420926129020446,3.003982318260621,1.3352098912250603,0.8133084999739107,2.3549022948661924,2.149273928827414,2.211857020620625,2.515819269385882,0.4778301814241401,2.1427544093910584,1.874557750197888,1.8483078483851132,2.0390949806832026,2.246566011559224,2.1349410193759892,2.721996413825997,0.814273617323107,0.9346691315885407,1.2406716521763934,1.3759266884485892,3.134617167671178,1.8562439373411899,2.2516139453262074,2.7806212796512115,1.4941685199867183,2.7950724269083436,1.7375679947491731,2.3318084115199667,1.148622341094867,3.0662434840606765,0.9946098988128934,0.6135176992000507,3.0417425330144927,1.1053735743928952
0.5263195044672772,2.200628314547186,2.7365683380828405,1.5608189875408083,0.7450832437873881,1.0128652333948478,0.8373988415640649,1.6122760098767381,3.0081185106287807,1.8380641800812334,1.9705208493954307,2.8390858950180164,1.4555138623247355,3.2668658075857526,2.8365061199273445,1.1582122964928454,1.8151237013696462,0.4824777763980811,1.9568679380210126,0.8871012286224539,0.0,1.168131630788223,1.070582568918932,1.9172500572666258,1.6089219979857419,2.9529744999130387,2.2126269419337437,0.34746532530019053,0.9234220226754769,0.4724397528371814,1.6444390812957024,1.4236164415255272,2.4559519421816303,0.7321134427477121,2.3988666776621765,0.8108096356746549,1.9365961648586154,2.526845494849626,2.5970832467472715,1.911219368915512,1.8805801057276745,1.4962695462613176,1.309811023777777,1.0499924832184644,0.2669282983222924,1.6516019077215274,0.960970615361414,2.114428337933744,2.6047923198767466,1.0345550582937715,2.5529165236160187,1.902731937285085,0.25965875972711644,1.0970963328332306,2.0085007291254118,2.3226392591207032,0.7576515309007938,2.8882580619629183,1.601686164686619,1.3819163103299898,2.022558699744552,3.220455652525044,3.019544394718801,0.9832080923009704,1.557680648515154,1.1723016175019871,2.1510561720012706,2.6493490663166166,0.9536288308584813,1.0522066240587025,2.489663149133734,1.5381157978185076,2.185120532209202,2.234567997485867,0.5871223342695374,1.5356745783552392,0.9923153730926857,1.4067390967504476,1.8005625506218308,2.3770976622267925,1.5887615363445449,2.166980058438552,1.2454362470084448,0.3627399928991809,0.3682746505587117,1.0897117600967436,2.703062805501892,2.2870547831121364,1.6636476132048792,3.072379511405653,1.6949813486172627,2.384144347841737,1.1408682170809519,2.084542686196744,1.4016877235825076,3.29750500266132,1.0483383341452375,1.1960412440853263,2.946983705795144,0.42645194271864945
